   0.0000000e+00  -1.5408772e-01
   5.0000000e-02   5.6747097e-01
   1.0000000e-01   9.0105999e-01
   1.5000000e-01   9.8935891e-01
   2.0000000e-01   6.2898879e-01
   2.5000000e-01   4.0549255e-02
   3.0000000e-01  -6.2416333e-01
   3.5000000e-01  -1.0109837e+00
   4.0000000e-01  -1.0100154e+00
   4.5000000e-01  -5.0243117e-01
   5.0000000e-01  -1.8530081e-01
   5.5000000e-01   5.6705494e-01
   6.0000000e-01   9.7809434e-01
   6.5000000e-01   8.8577942e-01
   7.0000000e-01   6.3550798e-01
   7.5000000e-01  -7.1319650e-03
   8.0000000e-01  -6.8161538e-01
   8.5000000e-01  -9.3492016e-01
   9.0000000e-01  -9.7787480e-01
   9.5000000e-01  -6.2877252e-01
   1.0000000e+00  -7.1132271e-02
   1.0500000e+00   5.9392980e-01
   1.1000000e+00   7.6644359e-01
   1.1500000e+00   9.1122320e-01
   1.2000000e+00   5.3343044e-01
   1.2500000e+00  -9.1189850e-02
   1.3000000e+00  -5.2251539e-01
   1.3500000e+00  -1.0244836e+00
   1.4000000e+00  -8.9699321e-01
   1.4500000e+00  -4.9020116e-01
   1.5000000e+00  -1.5687041e-02
   1.5500000e+00   6.1556518e-01
   1.6000000e+00   1.0150082e+00
   1.6500000e+00   9.4295871e-01
   1.7000000e+00   6.4187227e-01
   1.7500000e+00  -1.2625648e-01
   1.8000000e+00  -4.7674287e-01
   1.8500000e+00  -1.0500128e+00
   1.9000000e+00  -1.1339401e+00
   1.9500000e+00  -4.4933540e-01
   2.0000000e+00  -6.2726794e-03
   2.0500000e+00   6.3267736e-01
   2.1000000e+00   9.1473067e-01
   2.1500000e+00   8.4899818e-01
   2.2000000e+00   2.8048640e-01
   2.2500000e+00   6.2627900e-02
   2.3000000e+00  -6.1645371e-01
   2.3500000e+00  -9.7079081e-01
   2.4000000e+00  -9.1049598e-01
   2.4500000e+00  -7.2972010e-01
   2.5000000e+00  -7.2944524e-02
   2.5500000e+00   7.0251804e-01
   2.6000000e+00   1.0108430e+00
   2.6500000e+00   8.2292839e-01
   2.7000000e+00   3.6745883e-01
   2.7500000e+00  -5.7124632e-02
   2.8000000e+00  -5.6638560e-01
   2.8500000e+00  -8.5681882e-01
   2.9000000e+00  -9.4168397e-01
   2.9500000e+00  -7.0001642e-01
   3.0000000e+00   3.0615782e-02
   3.0500000e+00   4.7055177e-01
   3.1000000e+00   8.5495986e-01
   3.1500000e+00   8.8568301e-01
   3.2000000e+00   4.6484589e-01
   3.2500000e+00  -2.7096513e-02
   3.3000000e+00  -6.7778026e-01
   3.3500000e+00  -9.7962513e-01
   3.4000000e+00  -9.9729867e-01
   3.4500000e+00  -6.2876377e-01
   3.5000000e+00  -5.0353898e-02
   3.5500000e+00   7.1111496e-01
   3.6000000e+00   1.0120870e+00
   3.6500000e+00   9.5696373e-01
   3.7000000e+00   4.4109058e-01
   3.7500000e+00  -1.6258033e-01
   3.8000000e+00  -7.8426049e-01
   3.8500000e+00  -6.9053694e-01
   3.9000000e+00  -8.5381904e-01
   3.9500000e+00  -5.6208716e-01
   4.0000000e+00  -9.7424046e-02
   4.0500000e+00   4.7314881e-01
   4.1000000e+00   1.0058205e+00
   4.1500000e+00   1.1075649e+00
   4.2000000e+00   4.1845089e-01
   4.2500000e+00  -4.4939736e-02
   4.3000000e+00  -5.9621446e-01
   4.3500000e+00  -1.1502562e+00
   4.4000000e+00  -8.6693195e-01
   4.4500000e+00  -6.2925114e-01
   4.5000000e+00   1.9121808e-01
   4.5500000e+00   5.4869538e-01
   4.6000000e+00   9.9197472e-01
   4.6500000e+00   8.3681370e-01
   4.7000000e+00   5.2529887e-01
   4.7500000e+00  -1.1687228e-01
   4.8000000e+00  -5.4852772e-01
   4.8500000e+00  -8.2087257e-01
   4.9000000e+00  -1.0104207e+00
   4.9500000e+00  -5.4414771e-01
   5.0000000e+00  -5.0436248e-02
   5.0500000e+00   5.9799602e-01
   5.1000000e+00   1.0706816e+00
   5.1500000e+00   9.6308480e-01
   5.2000000e+00   4.8410091e-01
   5.2500000e+00  -8.5710324e-02
   5.3000000e+00  -6.0477268e-01
   5.3500000e+00  -9.7022334e-01
   5.4000000e+00  -1.0376380e+00
   5.4500000e+00  -5.6971884e-01
   5.5000000e+00   1.2665285e-01
   5.5500000e+00   5.6266832e-01
   5.6000000e+00   9.3059951e-01
   5.6500000e+00   7.3090433e-01
   5.7000000e+00   5.1033394e-01
   5.7500000e+00  -1.3932726e-01
   5.8000000e+00  -6.2640872e-01
   5.8500000e+00  -8.9849788e-01
   5.9000000e+00  -7.9872959e-01
   5.9500000e+00  -4.0793581e-01
   6.0000000e+00  -1.1688427e-02
   6.0500000e+00   5.5576563e-01
   6.1000000e+00   1.0328081e+00
   6.1500000e+00   1.0000724e+00
   6.2000000e+00   6.6431037e-01
   6.2500000e+00   7.7827905e-02
   6.3000000e+00  -7.3581577e-01
   6.3500000e+00  -8.9702012e-01
   6.4000000e+00  -9.6021042e-01
   6.4500000e+00  -6.6381049e-01
   6.5000000e+00  -6.9359544e-02
   6.5500000e+00   7.1593103e-01
   6.6000000e+00   8.7008276e-01
   6.6500000e+00   8.2737468e-01
   6.7000000e+00   6.0925390e-01
   6.7500000e+00   2.0107718e-01
   6.8000000e+00  -5.8522981e-01
   6.8500000e+00  -9.2022657e-01
   6.9000000e+00  -1.0448812e+00
   6.9500000e+00  -4.2036366e-01
   7.0000000e+00   1.2498817e-02
   7.0500000e+00   6.4079538e-01
   7.1000000e+00   8.5584969e-01
   7.1500000e+00   1.0364608e+00
   7.2000000e+00   6.2669983e-01
   7.2500000e+00  -1.1560011e-01
   7.3000000e+00  -5.8381124e-01
   7.3500000e+00  -9.9611638e-01
   7.4000000e+00  -9.4013172e-01
   7.4500000e+00  -6.1284054e-01
   7.5000000e+00  -1.8990165e-02
   7.5500000e+00   4.8449390e-01
   7.6000000e+00   9.1872732e-01
   7.6500000e+00   1.0277092e+00
   7.7000000e+00   7.6225257e-01
   7.7500000e+00  -1.1605199e-01
   7.8000000e+00  -3.5004407e-01
   7.8500000e+00  -7.9844872e-01
   7.9000000e+00  -9.3420577e-01
   7.9500000e+00  -6.1790591e-01
   8.0000000e+00  -6.9865427e-02
   8.0500000e+00   6.7106231e-01
   8.1000000e+00   8.8159599e-01
   8.1500000e+00   9.0486822e-01
   8.2000000e+00   6.7614697e-01
   8.2500000e+00   4.3594418e-02
   8.3000000e+00  -4.9811052e-01
   8.3500000e+00  -9.0058331e-01
   8.4000000e+00  -9.9114623e-01
   8.4500000e+00  -6.3917005e-01
   8.5000000e+00   7.9636760e-02
   8.5500000e+00   5.2066624e-01
   8.6000000e+00   1.0697224e+00
   8.6500000e+00   1.0301267e+00
   8.7000000e+00   6.1655740e-01
   8.7500000e+00   3.2261146e-04
   8.8000000e+00  -5.5122353e-01
   8.8500000e+00  -5.9838873e-01
   8.9000000e+00  -9.6230018e-01
   8.9500000e+00  -7.4344465e-01
   9.0000000e+00   1.9151023e-01
   9.0500000e+00   6.4876986e-01
   9.1000000e+00   8.8626535e-01
   9.1500000e+00   1.2127900e+00
   9.2000000e+00   6.4288029e-01
   9.2500000e+00   2.9420368e-02
   9.3000000e+00  -6.6556963e-01
   9.3500000e+00  -1.0575495e+00
   9.4000000e+00  -1.1278979e+00
   9.4500000e+00  -6.3007721e-01
   9.5000000e+00  -1.0531024e-01
   9.5500000e+00   6.5256078e-01
   9.6000000e+00   9.1929370e-01
   9.6500000e+00   1.1279557e+00
   9.7000000e+00   7.3884349e-01
   9.7500000e+00   1.6401032e-02
   9.8000000e+00  -6.1606162e-01
   9.8500000e+00  -8.3583994e-01
   9.9000000e+00  -1.0657073e+00
   9.9500000e+00  -5.2041538e-01
   1.0000000e+01  -6.6911300e-02
   1.0050000e+01   7.6406488e-01
   1.0100000e+01   1.2953260e+00
   1.0150000e+01   1.5749313e+00
   1.0200000e+01   1.1757155e+00
   1.0250000e+01   5.9364388e-01
   1.0300000e+01   1.3325214e-01
   1.0350000e+01  -4.2708750e-01
   1.0400000e+01  -5.0344812e-01
   1.0450000e+01  -4.0666228e-01
   1.0500000e+01   2.6954071e-02
   1.0550000e+01   1.1502842e-01
   1.0600000e+01   5.8619325e-01
   1.0650000e+01   5.7010071e-01
   1.0700000e+01   2.5974625e-02
   1.0750000e+01  -6.0891034e-01
   1.0800000e+01  -1.2774979e+00
   1.0850000e+01  -1.4992686e+00
   1.0900000e+01  -1.3380812e+00
   1.0950000e+01  -7.9445786e-01
   1.1000000e+01  -8.3046850e-02
   1.1050000e+01   7.6887193e-01
   1.1100000e+01   1.3450287e+00
   1.1150000e+01   1.4693031e+00
   1.1200000e+01   1.3372085e+00
   1.1250000e+01   9.5383493e-01
   1.1300000e+01  -5.4379116e-02
   1.1350000e+01  -3.7191059e-01
   1.1400000e+01  -6.8384476e-01
   1.1450000e+01  -2.4122254e-01
   1.1500000e+01   1.4099115e-01
   1.1550000e+01   2.0521906e-01
   1.1600000e+01   7.3397529e-01
   1.1650000e+01   2.7627478e-01
   1.1700000e+01  -5.5272412e-02
   1.1750000e+01  -5.9010708e-01
   1.1800000e+01  -1.2388059e+00
   1.1850000e+01  -1.2878018e+00
   1.1900000e+01  -1.0872504e+00
   1.1950000e+01  -7.9026538e-01
   1.2000000e+01  -1.9070662e-01
   1.2050000e+01   7.6759785e-01
   1.2100000e+01   1.2776952e+00
   1.2150000e+01   1.4408931e+00
   1.2200000e+01   1.1407553e+00
   1.2250000e+01   7.0781889e-01
   1.2300000e+01   2.8861727e-01
   1.2350000e+01  -4.5632936e-01
   1.2400000e+01  -5.6765841e-01
   1.2450000e+01  -2.5482586e-01
   1.2500000e+01   1.2128214e-01
   1.2550000e+01   4.2002745e-01
   1.2600000e+01   6.4220849e-01
   1.2650000e+01   4.7181722e-01
   1.2700000e+01  -1.1613010e-01
   1.2750000e+01  -6.5711070e-01
   1.2800000e+01  -1.2834379e+00
   1.2850000e+01  -1.6073553e+00
   1.2900000e+01  -1.2990316e+00
   1.2950000e+01  -7.9735179e-01
   1.3000000e+01  -1.8712054e-02
   1.3050000e+01   8.3326989e-01
   1.3100000e+01   1.4612757e+00
   1.3150000e+01   1.5566619e+00
   1.3200000e+01   1.2729800e+00
   1.3250000e+01   7.2797850e-01
   1.3300000e+01   8.3076340e-02
   1.3350000e+01  -4.6219124e-01
   1.3400000e+01  -4.6092867e-01
   1.3450000e+01  -2.3058266e-01
   1.3500000e+01  -5.3409858e-02
   1.3550000e+01   5.6424920e-01
   1.3600000e+01   5.2198208e-01
   1.3650000e+01   3.6036958e-01
   1.3700000e+01  -1.6771437e-01
   1.3750000e+01  -7.7923369e-01
   1.3800000e+01  -1.3488223e+00
   1.3850000e+01  -1.4819779e+00
   1.3900000e+01  -1.2028036e+00
   1.3950000e+01  -7.5135012e-01
   1.4000000e+01   8.5420230e-02
   1.4050000e+01   9.3828180e-01
   1.4100000e+01   1.1125528e+00
   1.4150000e+01   1.5006125e+00
   1.4200000e+01   1.2888263e+00
   1.4250000e+01   7.7172537e-01
   1.4300000e+01  -5.2530855e-02
   1.4350000e+01  -4.8533152e-01
   1.4400000e+01  -4.6053849e-01
   1.4450000e+01  -3.8313049e-01
   1.4500000e+01   5.5308989e-02
   1.4550000e+01   2.7540888e-01
   1.4600000e+01   3.7622660e-01
   1.4650000e+01   4.6086465e-01
   1.4700000e+01   4.1376406e-02
   1.4750000e+01  -5.3679428e-01
   1.4800000e+01  -1.4067438e+00
   1.4850000e+01  -1.6510537e+00
   1.4900000e+01  -1.5098908e+00
   1.4950000e+01  -8.0826346e-01
   1.5000000e+01  -6.1550734e-02
   1.5050000e+01   9.3551263e-01
   1.5100000e+01   1.2169995e+00
   1.5150000e+01   1.3431335e+00
   1.5200000e+01   1.2740553e+00
   1.5250000e+01   8.1929304e-01
   1.5300000e+01  -2.3280007e-03
   1.5350000e+01  -5.1130826e-01
   1.5400000e+01  -5.5453998e-01
   1.5450000e+01  -5.3511802e-01
   1.5500000e+01   1.7344346e-03
   1.5550000e+01   4.5431208e-01
   1.5600000e+01   5.6138067e-01
   1.5650000e+01   1.9382013e-01
   1.5700000e+01  -1.3163649e-01
   1.5750000e+01  -7.3020323e-01
   1.5800000e+01  -1.0721666e+00
   1.5850000e+01  -1.4258832e+00
   1.5900000e+01  -1.3682143e+00
   1.5950000e+01  -6.7316094e-01
   1.6000000e+01  -1.0447358e-01
   1.6050000e+01   7.6927047e-01
   1.6100000e+01   1.5037623e+00
   1.6150000e+01   1.6676067e+00
   1.6200000e+01   1.3265624e+00
   1.6250000e+01   7.4907523e-01
   1.6300000e+01   1.9341695e-02
   1.6350000e+01  -3.1025466e-01
   1.6400000e+01  -6.2242234e-01
   1.6450000e+01  -3.1402128e-01
   1.6500000e+01   2.8184138e-02
   1.6550000e+01   4.8540398e-01
   1.6600000e+01   4.9702006e-01
   1.6650000e+01   4.4835861e-01
   1.6700000e+01   1.3634990e-03
   1.6750000e+01  -7.8983771e-01
   1.6800000e+01  -1.2379003e+00
   1.6850000e+01  -1.3576430e+00
   1.6900000e+01  -1.3512622e+00
   1.6950000e+01  -8.3495964e-01
   1.7000000e+01   4.5665961e-02
   1.7050000e+01   7.7658707e-01
   1.7100000e+01   1.4068206e+00
   1.7150000e+01   1.5038919e+00
   1.7200000e+01   1.2516920e+00
   1.7250000e+01   7.4607894e-01
   1.7300000e+01   2.1418586e-01
   1.7350000e+01  -3.3955716e-01
   1.7400000e+01  -3.7476847e-01
   1.7450000e+01  -5.7430955e-01
   1.7500000e+01  -4.4925681e-02
   1.7550000e+01   3.9507268e-01
   1.7600000e+01   4.5608954e-01
   1.7650000e+01   2.5714910e-01
   1.7700000e+01  -1.6250801e-02
   1.7750000e+01  -6.3872985e-01
   1.7800000e+01  -1.2245867e+00
   1.7850000e+01  -1.4778368e+00
   1.7900000e+01  -1.4495625e+00
   1.7950000e+01  -8.5386599e-01
   1.8000000e+01  -1.0667182e-02
   1.8050000e+01   7.3531423e-01
   1.8100000e+01   1.3956943e+00
   1.8150000e+01   1.7538909e+00
   1.8200000e+01   1.2053017e+00
   1.8250000e+01   7.6474482e-01
   1.8300000e+01  -2.5488163e-02
   1.8350000e+01  -2.5078916e-01
   1.8400000e+01  -6.3652088e-01
   1.8450000e+01  -3.5060180e-01
   1.8500000e+01  -6.1859336e-02
   1.8550000e+01   4.2267492e-01
   1.8600000e+01   5.4074226e-01
   1.8650000e+01   3.8034576e-01
   1.8700000e+01   2.1695495e-01
   1.8750000e+01  -7.6300462e-01
   1.8800000e+01  -1.2582128e+00
   1.8850000e+01  -1.2490659e+00
   1.8900000e+01  -1.4771753e+00
   1.8950000e+01  -7.4879727e-01
   1.9000000e+01  -1.0764584e-01
   1.9050000e+01   9.0716111e-01
   1.9100000e+01   1.3952592e+00
   1.9150000e+01   1.5825809e+00
   1.9200000e+01   1.2256387e+00
   1.9250000e+01   7.2451916e-01
   1.9300000e+01   2.2520566e-01
   1.9350000e+01  -6.1225477e-01
   1.9400000e+01  -7.0293591e-01
   1.9450000e+01  -3.2992646e-01
   1.9500000e+01  -6.5476885e-02
   1.9550000e+01   3.4183852e-01
   1.9600000e+01   3.8991495e-01
   1.9650000e+01   2.9426118e-01
   1.9700000e+01  -1.1837246e-01
   1.9750000e+01  -7.7257982e-01
   1.9800000e+01  -1.3401733e+00
   1.9850000e+01  -1.5595531e+00
   1.9900000e+01  -1.4567728e+00
   1.9950000e+01  -6.6990878e-01
